
Call:
rda(formula = DATA.spec.Vienna.hell ~ Wien_build_volume_i_grid +      Indoors + imp2018 + office, data = as.data.frame(DATA.env.Vienna)) 

Partitioning of variance:
              Inertia Proportion
Total         0.38315     1.0000
Constrained   0.07265     0.1896
Unconstrained 0.31050     0.8104

Eigenvalues, and their contribution to the variance 

Importance of components:
                         RDA1    RDA2    RDA3     RDA4    PC1     PC2     PC3
Eigenvalue            0.04703 0.01135 0.01098 0.003294 0.1462 0.06426 0.03081
Proportion Explained  0.12275 0.02962 0.02866 0.008596 0.3816 0.16771 0.08042
Cumulative Proportion 0.12275 0.15237 0.18103 0.189621 0.5712 0.73894 0.81936
                          PC4     PC5     PC6      PC7      PC8      PC9
Eigenvalue            0.02571 0.01726 0.01018 0.007533 0.006284 0.001098
Proportion Explained  0.06709 0.04504 0.02657 0.019660 0.016400 0.002866
Cumulative Proportion 0.88645 0.93149 0.95806 0.977720 0.994120 0.996985
                           PC10      PC11      PC12      PC13
Eigenvalue            0.0006801 0.0003926 4.584e-05 3.649e-05
Proportion Explained  0.0017750 0.0010246 1.196e-04 9.524e-05
Cumulative Proportion 0.9987605 0.9997851 9.999e-01 1.000e+00

Accumulated constrained eigenvalues
Importance of components:
                         RDA1    RDA2    RDA3     RDA4
Eigenvalue            0.04703 0.01135 0.01098 0.003294
Proportion Explained  0.64735 0.15619 0.15113 0.045333
Cumulative Proportion 0.64735 0.80354 0.95467 1.000000

Scaling 2 for species and site scores
* Species are scaled proportional to eigenvalues
* Sites are unscaled: weighted dispersion equal on all dimensions
* General scaling constant of scores:  2.338116 


Species scores

                  RDA1       RDA2      RDA3       RDA4       PC1       PC2
melanogaster -0.408859  0.1065881 -0.211613 -4.975e-02  1.122831  0.263994
simulans     -0.235539 -0.1600401 -0.014094  8.160e-02  0.145209 -0.100798
suzukii      -0.126137  0.0097345 -0.020310  9.812e-02  0.030192 -0.029995
busckii      -0.001912 -0.0080097 -0.001637 -7.679e-05  0.013258  0.002855
testacea     -0.014666  0.0036958 -0.002832  1.529e-02  0.001917 -0.005224
hydei         0.029746 -0.3191847  0.022281 -9.455e-02  0.150740 -0.180084
mercatorum    0.626865  0.0008773 -0.122272  5.309e-02 -0.860508  0.458613
repleta       0.177557  0.0981402 -0.048299 -8.831e-02 -0.181200 -0.768959
funebris      0.009336 -0.0342454 -0.010784  7.396e-02  0.071941  0.034357
immigrans    -0.057876 -0.0312283  0.001152  3.419e-02  0.017187 -0.023773
phalerata    -0.045195  0.0038593 -0.006178  3.884e-02  0.008000 -0.010590
subobscura   -0.027177 -0.0045354 -0.001395  1.590e-02  0.007314 -0.005238
virilis      -0.026302  0.1052032  0.305488 -6.511e-03  0.040342 -0.009796


Site scores (weighted sums of species scores)

            RDA1       RDA2     RDA3      RDA4       PC1      PC2
row1   0.6855387  0.2943767  0.27031 -0.026170 -0.413235 -0.35749
row2   0.2350171 -0.0217495 -0.25584  0.200199 -0.211898  0.28663
row3   0.4607537  0.5109597  0.08459 -0.686155 -0.144132 -0.53876
row4   0.0621042  0.3043523 -0.41447 -0.668984  0.151906 -0.07509
row5  -0.1150298  0.0655599  0.48397 -0.177537  0.312074  0.09753
row6  -0.6315396 -0.3570948  0.12498  1.857727 -0.059611 -0.13546
row7  -0.5418477  0.0889693 -0.28072 -0.292592  0.256454 -0.03144
row8   0.2307036  0.1911387 -0.22108  1.071403  0.075222  0.23143
row9   0.1414538 -0.0043537 -0.32177 -0.704597  0.068070 -0.07063
row10 -0.5538457  0.5735924 -0.42951 -0.564293  0.225941  0.16673
row11  0.2793618 -0.9377712  0.11344 -0.088360 -0.076741  0.08302
row12  0.2434403  0.2207706 -0.25417  0.937203 -0.067628  0.35649
row13  0.6456383 -0.8342875  0.42487  0.378786 -0.213176  0.06072
row14 -0.3000370 -0.4605279 -0.24999  0.215377  0.227941  0.10679
row15  0.0698707  0.2243905 -0.41062 -0.155979 -0.053558  0.04658
row16 -0.7863663  0.5975999 -0.30649 -0.857806  0.367788  0.07212
row17 -0.8532832  0.5341671 -0.13490  0.414857  0.177283 -0.04527
row18 -0.0105759 -0.0154480  0.16418 -0.750140  0.047377 -0.02808
row19 -0.3518483  0.0998789 -0.40017 -0.385830  0.449321  0.10891
row20 -0.9430592 -0.2505275  0.07256  1.597796  0.220151 -0.21392
row21 -0.5993683  0.1043273 -0.36164 -0.842444  0.451656  0.04061
row22 -0.5127029 -0.4742139  0.08172 -1.286177  0.322673 -0.02834
row23  0.5909381 -0.6660283  0.43824 -1.003640 -0.151779 -0.49653
row24  0.5793027 -0.0816066  0.22814  1.697129 -0.416592  0.23246
row25  0.2931493 -0.1227506 -0.17981  0.734285  0.019892  0.29797
row26  0.0293130 -0.2330869 -0.24674 -1.228230  0.008006 -0.17038
row27 -0.5141333  0.0257998 -0.41262 -0.365688  0.223608 -0.02248
row28  0.1510319  0.5612689 -0.40249 -0.377478  0.196653 -0.02518
row29 -0.4696100  0.5577140 -0.45390 -0.454469  0.387766  0.15578
row30 -0.2299538 -0.0600057  1.08557  0.136420 -0.171661 -0.24439
row31 -0.6200513 -0.5729951  0.18011  1.333972  0.175916 -0.11484
row32  0.0008957  0.0378797 -0.37473 -0.049742  0.130276  0.21036
row33 -0.0707490  0.3719623 -0.04574 -1.968298  0.218265 -0.72316
row34  0.5303217  0.0713807  0.09071 -0.711718 -0.357190 -0.32714
row35 -0.2079584 -0.2862946 -0.31370 -0.751796  0.047275 -0.14561
row36  0.7318133  0.1883905  0.24697  0.416268 -0.395238 -0.17118
row37 -0.0895766  0.0247063 -0.31752  0.374216  0.232316  0.16703
row38  0.7041950 -0.0545870  0.30508  1.266068 -0.445728  0.21541
row39 -0.0482846  0.4316719 -0.09978  0.560609 -0.026624  0.20856
row40  0.7041950 -0.0545870  0.30508  1.266068 -0.342777  0.19311
row41  0.7041950 -0.0545870  0.30508  1.266068 -0.398264  0.27555
row42 -0.4271820 -0.9256850  0.04812 -1.532741  0.252808 -0.01576
row43  0.7041950 -0.0545870  0.30508  1.266068 -0.467049  0.23667
row44  0.5176098 -0.3643893  0.06487  0.477721 -0.246744  0.20325
row45 -0.0836712  0.0886943 -0.39983 -0.293219  0.123234  0.25501
row46  0.5371669 -0.2457566  0.06215  0.917119 -0.272524  0.22193
row47  0.0746620  0.3762912 -0.38997  0.293471  0.020015  0.28125
row48  0.5530824  0.3622745  0.35386 -0.281687 -0.259571 -0.62667
row49 -0.6154589  0.0850266 -0.36023 -1.038408  0.199562 -0.10854
row50  0.1513045 -0.1238607 -0.21531 -0.992916 -0.053232 -0.27751
row51  0.4619721 -0.2750871  0.50187 -1.495697 -0.382541 -0.71292
row52  0.6294769  0.0150490  0.15618  1.173847 -0.268723  0.21974
row53 -0.0620304 -0.4275421 -0.25090 -0.618648  0.057986  0.03948
row54  0.1810085  0.3245011 -0.33156  0.447559 -0.210478  0.32851
row55 -0.1105728  0.2373479 -0.42827  0.091279  0.047742  0.26151
row56  0.0994163  0.0861347 -0.32601  0.011430 -0.077936 -0.13096
row57  0.6879265 -0.0791093  0.26833  1.202295 -0.259048  0.23099
row58  0.7041950 -0.0545870  0.30508  1.266068 -0.341810  0.20833
row59  0.0527336 -0.4098198 -0.26921 -0.133295  0.236608 -0.08568
row60 -0.5523894  0.0006442 -0.32048 -1.129965  0.443112  0.09042
row61  0.2488534  0.1337025 -0.22412 -0.806033  0.095921 -0.31172
row62 -0.3376832 -1.9706957  0.64732 -0.478214  0.074911 -0.28530
row63  0.5981688 -0.2033809  0.12858  0.923695 -0.129780  0.17693
row64 -0.4274214  0.6992406  0.11440 -0.412038  0.402169  0.12789
row65  0.7041950 -0.0545870  0.30508  1.266068 -0.370467  0.20509
row66 -0.3608476  0.4138136 -0.38251  0.291417  0.363642  0.14907
row67  0.2774638  0.5250080  0.57764 -1.367129 -0.210633 -0.96413
row68 -0.8392321  0.5983164 -0.26520 -0.922234  0.348607  0.04708
row69 -0.8392321  0.5983164 -0.26520 -0.922234  0.501887  0.01250
row70 -0.1364721  0.0907595 -0.42022 -0.674254  0.177880  0.01756
row71  0.7041950 -0.0545870  0.30508  1.266068 -0.393220  0.20217
row72 -0.2691483  0.5897632  3.03555 -0.002127 -0.064215 -0.11601
row73 -0.5933811  0.3965941 -0.42267 -0.095464  0.101328  0.11364
row74 -0.2905299  0.5128273 -0.47447 -0.215577 -0.072107  0.21526
row75  0.7041950 -0.0545870  0.30508  1.266068 -0.492170  0.16072
row76  0.1977149  0.3158124 -0.32083  0.472035 -0.347993  0.32030
row77 -0.6156853 -1.4751684  0.65256 -0.702209  0.142532 -0.21180
row78 -0.9259658 -0.1548789 -0.11676 -0.118212  0.161321 -0.06103
row79 -0.9260439 -0.0601635 -0.07031  0.273765  0.120979 -0.06571


Site constraints (linear combinations of constraining variables)

            RDA1      RDA2       RDA3       RDA4       PC1      PC2
row1   0.0529462  0.081722 -0.0998526 -0.0747379 -0.413235 -0.35749
row2  -0.1898147  0.187431 -0.1587371 -0.2905008 -0.211898  0.28663
row3   0.2562825  0.088610 -0.0824643  0.1491568 -0.144132 -0.53876
row4   0.2419882  0.151639 -0.1049399  0.1621504  0.151906 -0.07509
row5   0.3676927  0.003728 -0.0432704  0.2317236  0.312074  0.09753
row6  -0.5923350  0.104682 -0.0980711  0.3636859 -0.059611 -0.13546
row7  -0.1230102  0.145760 -0.1383227 -0.2368177  0.256454 -0.03144
row8   0.3390252  0.019474 -0.0513158  0.2077201  0.075222  0.23143
row9   0.1741877  0.112104 -0.0982769  0.0706483  0.068070 -0.07063
row10 -0.2113711  0.204753 -0.1666214 -0.3060697  0.225941  0.16673
row11  0.0965609  0.059977 -0.0883520 -0.0372194 -0.076741  0.08302
row12  0.0126774  0.297776  0.7594767 -0.0522309 -0.067628  0.35649
row13  0.3435793 -0.012120 -0.0403026  0.1983720 -0.213176  0.06072
row14  0.1321491 -0.272237  0.0262624 -0.1488710  0.227941  0.10679
row15 -0.0766937  0.091243 -0.1155941 -0.2111915 -0.053558  0.04658
row16 -0.1636831  0.059530 -0.1134071 -0.3199897  0.367788  0.07212
row17 -0.5056103 -0.078131 -0.0284974  0.3751455  0.177283 -0.04527
row18 -0.0362855 -0.037054 -0.0687490 -0.2253580  0.047377 -0.02808
row19  0.3440824 -0.006079 -0.0422755  0.2016514  0.449321  0.10891
row20 -0.3258143  0.139884 -0.0840381  0.6689944  0.220151 -0.21392
row21  0.1435105  0.180962 -0.1242897  0.0684908  0.451656  0.04061
row22 -0.0323294  0.155103 -0.1326668 -0.1341313  0.322673 -0.02834
row23  0.3668263 -0.107324 -0.0061933  0.1805431 -0.151779 -0.49653
row24 -0.0746292  0.130383 -0.1284914 -0.1912431 -0.416592  0.23246
row25  0.3231033 -0.878455  0.2476135 -0.2157883  0.019892  0.29797
row26 -0.0792932 -0.164665 -0.0302120 -0.3297862  0.008006 -0.17038
row27 -0.1463444 -0.043512 -0.0772472 -0.3477796  0.223608 -0.02248
row28  0.3568459  0.173235  0.8156525  0.2657531  0.196653 -0.02518
row29  0.1519646  0.002292 -0.0636830 -0.0031598  0.387766  0.15578
row30 -0.2061352  0.143689 -0.1456805 -0.3280100 -0.171661 -0.24439
row31  0.0001394  0.069031 -0.1007201 -0.1378162  0.175916 -0.11484
row32  0.1477413  0.150113 -0.1135572  0.0591288  0.130276  0.21036
row33  0.2908563  0.013756 -0.0540675  0.1528324  0.218265 -0.72316
row34 -0.1362965  0.194505  0.3807873 -0.2472699 -0.357190 -0.32714
row35 -0.1612962 -0.174063 -0.0350094 -0.4230750  0.047275 -0.14561
row36  0.1307069  0.058742 -0.0846318 -0.0007029 -0.395238 -0.17118
row37  0.2404113  0.081312 -0.0815592  0.1286224  0.232316  0.16703
row38  0.0419007  0.132094 -0.1177780 -0.0639431 -0.445728  0.21541
row39 -0.2450574  0.007342 -0.0318646  0.6967171 -0.026624  0.20856
row40  0.2242674  0.048420 -0.0721162  0.0962135 -0.342777  0.19311
row41  0.1067851 -0.586044  0.1288143 -0.3183764 -0.398264  0.27555
row42 -0.0780471 -0.507326  0.0845721 -0.4834519  0.252808 -0.01576
row43 -0.0117917  0.169356  0.0407441 -0.1113184 -0.467049  0.23667
row44  0.0972390  0.090065 -0.0983547 -0.0228712 -0.246744  0.20325
row45  0.0361065 -0.260109  0.0129025 -0.2476658  0.123234  0.25501
row46  0.0802425  0.143024 -0.1177222 -0.0173674 -0.272524  0.22193
row47  0.0605691  0.107698 -0.1031142 -0.0548676  0.020015  0.28125
row48  0.1998791  0.090607 -0.0885952  0.0888184 -0.259571 -0.62667
row49 -0.2975058  0.324349 -0.2149833 -0.3454886  0.199562 -0.10854
row50 -0.0263198  0.108403 -0.1164575 -0.1487334 -0.053232 -0.27751
row51 -0.1440208 -0.101863 -0.0574964 -0.3716544 -0.382541 -0.71292
row52  0.2419007  0.052921 -0.0719148  0.1173958 -0.268723  0.21974
row53 -0.0508382 -0.049921 -0.0658528 -0.2469801  0.057986  0.03948
row54 -0.2275207  0.197855 -0.1658771 -0.3267254 -0.210478  0.32851
row55 -0.1139069  0.112358 -0.1262638 -0.2420446  0.047742  0.26151
row56 -0.0573453  0.116774 -0.1222638 -0.1786329 -0.077936 -0.13096
row57  0.3291424 -0.644641  0.1699580 -0.1034544 -0.259048  0.23099
row58  0.2217768 -0.101207 -0.0222884  0.0258186 -0.341810  0.20833
row59  0.4270707 -0.005823 -0.0343236  0.2918742  0.236608 -0.08568
row60  0.0922724  0.199402  0.4688608  0.0008455  0.443112  0.09042
row61  0.3455812 -0.018342 -0.0380268  0.1977310  0.095921 -0.31172
row62 -0.1649746 -0.860927  0.2664377  0.3908667  0.074911 -0.28530
row63  0.4234983 -0.004575 -0.0350871  0.2885598 -0.129780  0.17693
row64  0.2364924  0.092887 -0.0858122  0.1296039  0.402169  0.12789
row65  0.1735882  0.013204 -0.0652404  0.0252554 -0.370467  0.20509
row66  0.2166153  0.049725 -0.0732940  0.0884954  0.363642  0.14907
row67  0.0743516  0.149583 -0.1204877 -0.0207961 -0.210633 -0.96413
row68 -0.2378453  0.161793 -0.1548097 -0.3542500  0.348607  0.04708
row69  0.0318607  0.085390 -0.0692264 -0.0971147  0.501887  0.01250
row70  0.0606784  0.066084 -0.0938708 -0.0734172  0.177880  0.01756
row71  0.1354228  0.107473 -0.1004815  0.0264630 -0.393220  0.20217
row72 -0.2246489  0.631067  1.7237868 -0.1961472 -0.064215 -0.11601
row73 -0.5345877  0.126342 -0.0725058  0.4352687  0.101328  0.11364
row74 -0.5766760  0.165055 -0.1167568  0.4080005 -0.072107  0.21526
row75 -0.1295867 -0.033734 -0.0069360  0.8035101 -0.492170  0.16072
row76 -0.5486590 -0.176231  0.0001603  0.2840238 -0.347993  0.32030
row77 -0.3941724 -1.116468  0.3297509  0.0264018  0.142532 -0.21180
row78 -0.6133829 -0.231995  0.0125516  0.1885207  0.161321 -0.06103
row79 -0.6326897 -0.177863 -0.0074321  0.1920468  0.120979 -0.06571


Biplot scores for constraining variables

                             RDA1    RDA2     RDA3     RDA4 PC1 PC2
Wien_build_volume_i_grid  0.76928  0.1596  0.13902  0.60283   0   0
Indoors                   0.70566  0.2858 -0.02183 -0.64797   0   0
imp2018                  -0.12031 -0.9276  0.30549 -0.17796   0   0
office                   -0.02591  0.3409  0.93785 -0.05979   0   0

Permutation test for rda under reduced model
Permutation: free
Number of permutations: 999

Model: rda(formula = DATA.spec.Vienna.hell ~ Wien_build_volume_i_grid + Indoors + imp2018 + office, data = as.data.frame(DATA.env.Vienna))
         Df Variance      F Pr(>F)    
Model     4 0.072653 4.3288  0.001 ***
Residual 74 0.310497                  
---
Signif. codes:  0 '***' 0.001 '**' 0.01 '*' 0.05 '.' 0.1 ' ' 1
Permutation test for rda under reduced model
Terms added sequentially (first to last)
Permutation: free
Number of permutations: 999

Model: rda(formula = DATA.spec.Vienna.hell ~ Wien_build_volume_i_grid + Indoors + imp2018 + office, data = as.data.frame(DATA.env.Vienna))
                         Df Variance      F Pr(>F)    
Wien_build_volume_i_grid  1 0.029531 7.0381  0.001 ***
Indoors                   1 0.017900 4.2660  0.010 ** 
imp2018                   1 0.013097 3.1215  0.024 *  
office                    1 0.012125 2.8897  0.031 *  
Residual                 74 0.310497                  
---
Signif. codes:  0 '***' 0.001 '**' 0.01 '*' 0.05 '.' 0.1 ' ' 1
$r.squared
[1] 0.1896211

$adj.r.squared
[1] 0.1458168

